    [],      0
    [],      0
    [],      0
    [],      0
    [],      0
    [],      0
    [],      0
    [],      0
    [],      0
    [],      0
    [],      0
    [],      0
    [],      0
    [],      0
    [],      0
    [],      0
    [],      0
    [],      0
    [],      0
    [],      0
    P1_1_1A_p06,    602
    P1_1_1A_p19,     24
    P1_1_1A_p21,     45
    P1_1_1A_p22,     63
    P1_1_1A_p28,     49
    P1_1_1_p06,    102
    P1_1_1_p19,     96
    P1_1_1_p21,      1
    P1_1_1_p22,     68
    P1_1_1_p28,     81
    P1_1_2A_p06,      1
    P1_1_2A_p19,     19
    P1_1_2A_p21,     52
    P1_1_2A_p22,     10
    P1_1_2A_p28,     82
    P1_1_2_p06,     52
    P1_1_2_p19,     56
    P1_1_2_p21,    161
    P1_1_2_p22,     69
    P1_1_2_p28,     41
    P1_1_3A_p06,     46
    P1_1_3A_p19,     41
    P1_1_3A_p21,      1
    P1_1_3A_p22,    158
    P1_1_3A_p28,     43
    P1_1_3_p06,    121
    P1_1_3_p19,     15
    P1_1_3_p21,     39
    P1_1_3_p22,      1
    P1_1_3_p28,     67
    [],      0
    [],      0
    [],      0
    [],      0
    [],      0
    [],      0
    [],      0
    [],      0
    [],      0
    [],      0
    [],      0
    [],      0
    [],      0
    [],      0
    [],      0
    [],      0
    [],      0
    [],      0
    [],      0
    [],      0
    [],      0
    [],      0
    [],      0
    [],      0
    [],      0
    [],      0
    [],      0
    [],      0
    [],      0
    [],      0
    [],      0
    [],      0
    [],      0
    [],      0
    [],      0
    [],      0
    [],      0
    [],      0
    [],      0
    [],      0
    [],      0
    [],      0
    [],      0
    [],      0
    [],      0
    [],      0
    [],      0
    [],      0
    [],      0
    [],      0
    [],      0
    [],      0
    [],      0
    [],      0
    [],      0
    [],      0
    [],      0
    [],      0
    [],      0
    [],      0
    [],      0
    [],      0
    [],      0
    [],      0
    [],      0
    [],      0
    [],      0
    [],      0
    [],      0
    [],      0
    [],      0
    [],      0
    [],      0
    [],      0
    [],      0
    [],      0
    [],      0
    [],      0
    P1_2_1_p04,    193
    P1_2_1_p08,     60
    P1_2_1_p16,    105
    P1_2_1_p20,    110
    P1_2_1_p24,     69
    P1_2_2_p04,     56
    P1_2_2_p08,    121
    P1_2_2_p16,     98
    P1_2_2_p20,     84
    P1_2_2_p24,     60
    P1_2_3A_p04,     39
    P1_2_3A_p08,     29
    P1_2_3A_p16,     46
    P1_2_3A_p20,     30
    P1_2_3A_p24,     49
    P1_2_3_p04,    271
    P1_2_3_p08,     26
    P1_2_3_p16,     66
    P1_2_3_p20,      2
    P1_2_3_p24,     32
    [],      0
    [],      0
    [],      0
    [],      0
    [],      0
    [],      0
    [],      0
    [],      0
    [],      0
    [],      0
    [],      0
    [],      0
    [],      0
    [],      0
    [],      0
    [],      0
    [],      0
    [],      0
    [],      0
    [],      0
    [],      0
    [],      0
    [],      0
    [],      0
    [],      0
    [],      0
    [],      0
    [],      0
    [],      0
    [],      0
    [],      0
    [],      0
    [],      0
    [],      0
    [],      0
    [],      0
    [],      0
    [],      0
    [],      0
    [],      0
    [],      0
    [],      0
    [],      0
    [],      0
    [],      0
    [],      0
    [],      0
    [],      0
    [],      0
    [],      0
    [],      0
    [],      0
    [],      0
    [],      0
    [],      0
    [],      0
    [],      0
    [],      0
    [],      0
    [],      0
    [],      0
    [],      0
    [],      0
    [],      0
    [],      0
    [],      0
    [],      0
    [],      0
    [],      0
    P2_1_1A_p03,     61
    P2_1_1A_p07,    103
    P2_1_1A_p12,     41
    P2_1_1A_p18,     69
    P2_1_1A_p27,    185
    P2_1_1_p03,     77
    P2_1_1_p07,    600
    P2_1_1_p12,    212
    P2_1_1_p18,    112
    P2_1_1_p27,    146
    P2_1_2A_p03,    164
    P2_1_2A_p07,     70
    P2_1_2A_p12,    157
    P2_1_2A_p18,     76
    P2_1_2A_p27,     84
    P2_1_2_p03,     51
    P2_1_2_p07,     63
    P2_1_2_p12,     86
    P2_1_2_p18,     41
    P2_1_2_p27,     63
    P2_1_3A_p03,      4
    P2_1_3A_p07,     51
    P2_1_3A_p12,     44
    P2_1_3A_p18,     32
    P2_1_3A_p27,     70
    P2_1_3_p03,     56
    P2_1_3_p07,     55
    P2_1_3_p12,    111
    P2_1_3_p18,     39
    P2_1_3_p27,    120
    [],      0
    [],      0
    [],      0
    [],      0
    [],      0
    [],      0
    [],      0
    [],      0
    [],      0
    [],      0
    [],      0
    [],      0
    [],      0
    [],      0
    [],      0
    [],      0
    [],      0
    [],      0
    [],      0
    [],      0
    [],      0
    [],      0
    [],      0
    [],      0
    [],      0
    [],      0
    [],      0
    [],      0
    [],      0
    [],      0
    [],      0
    [],      0
    [],      0
    [],      0
    [],      0
    [],      0
    [],      0
    [],      0
    [],      0
    [],      0
    [],      0
    [],      0
    [],      0
    [],      0
    [],      0
    [],      0
    [],      0
    [],      0
    [],      0
    [],      0
    [],      0
    [],      0
    [],      0
    [],      0
    [],      0
    [],      0
    [],      0
    [],      0
    [],      0
    [],      0
    [],      0
    [],      0
    [],      0
    [],      0
    [],      0
    [],      0
    [],      0
    [],      0
    [],      0
    [],      0
    [],      0
    [],      0
    [],      0
    [],      0
    [],      0
    [],      0
    [],      0
    [],      0
    [],      0
    P2_2_1_p05,    131
    P2_2_1_p09,    124
    P2_2_1_p25,    109
    P2_2_1_p26,     63
    P2_2_1_p30,     89
    P2_2_2A_p05,     69
    P2_2_2A_p09,      1
    P2_2_2A_p25,     37
    P2_2_2A_p26,     47
    P2_2_2A_p30,     45
    P2_2_2_p05,     27
    P2_2_2_p09,      1
    P2_2_2_p25,     38
    P2_2_2_p26,     18
    P2_2_2_p30,    117
    P2_2_3_p05,     40
    P2_2_3_p09,      8
    P2_2_3_p25,     30
    P2_2_3_p26,     53
    P2_2_3_p30,      1
    [],      0
    [],      0
    [],      0
    [],      0
    [],      0
    [],      0
    [],      0
    [],      0
    [],      0
    [],      0
    [],      0
    [],      0
    [],      0
    [],      0
    [],      0
    [],      0
    [],      0
    [],      0
    [],      0
    [],      0
    [],      0
    [],      0
    [],      0
    [],      0
    [],      0
    [],      0
    [],      0
    [],      0
    [],      0
    [],      0
    [],      0
    [],      0
    [],      0
    [],      0
    [],      0
    [],      0
    [],      0
    [],      0
    [],      0
    [],      0
    [],      0
    [],      0
    [],      0
    [],      0
    [],      0
    [],      0
    [],      0
    [],      0
    [],      0
    [],      0
    [],      0
    [],      0
    [],      0
    [],      0
    [],      0
    [],      0
    [],      0
    [],      0
    [],      0
    [],      0
    [],      0
    [],      0
    [],      0
    [],      0
    [],      0
    [],      0
    [],      0
    [],      0
    P3_1_1A_p01,    125
    P3_1_1A_p10,     73
    P3_1_1A_p13,    552
    P3_1_1A_p14,     66
    P3_1_1A_p23,     91
    P3_1_1_p01,     49
    P3_1_1_p10,     81
    P3_1_1_p13,     61
    P3_1_1_p14,     80
    P3_1_1_p23,     44
    P3_1_2A_p01,    345
    P3_1_2A_p10,     20
    P3_1_2A_p13,     91
    P3_1_2A_p14,     46
    P3_1_2A_p23,    157
    P3_1_2_p01,     61
    P3_1_2_p10,     42
    P3_1_2_p13,     55
    P3_1_2_p14,     53
    P3_1_2_p23,     51
    P3_1_3A_p01,     46
    P3_1_3A_p10,     67
    P3_1_3A_p13,     72
    P3_1_3A_p14,     56
    P3_1_3A_p23,     59
    P3_1_3_p01,     93
    P3_1_3_p10,      1
    P3_1_3_p13,     62
    P3_1_3_p14,     68
    P3_1_3_p23,      1
    [],      0
    [],      0
    [],      0
    [],      0
    [],      0
    [],      0
    [],      0
    [],      0
    [],      0
    [],      0
    [],      0
    [],      0
    [],      0
    [],      0
    [],      0
    [],      0
    [],      0
    [],      0
    [],      0
    [],      0
    [],      0
    [],      0
    [],      0
    [],      0
    [],      0
    [],      0
    [],      0
    [],      0
    [],      0
    [],      0
    [],      0
    [],      0
    [],      0
    [],      0
    [],      0
    [],      0
    [],      0
    [],      0
    [],      0
    [],      0
    [],      0
    [],      0
    [],      0
    [],      0
    [],      0
    [],      0
    [],      0
    [],      0
    [],      0
    [],      0
    [],      0
    [],      0
    [],      0
    [],      0
    [],      0
    [],      0
    [],      0
    [],      0
    [],      0
    [],      0
    [],      0
    [],      0
    [],      0
    [],      0
    [],      0
    [],      0
    [],      0
    [],      0
    [],      0
    [],      0
    [],      0
    [],      0
    [],      0
    [],      0
    [],      0
    [],      0
    [],      0
    [],      0
    [],      0
    [],      0
    P3_2_1A_p02,    109
    P3_2_1A_p11,     79
    P3_2_1A_p15,     74
    P3_2_1A_p17,     70
    P3_2_1A_p29,     65
    P3_2_1_p02,     36
    P3_2_1_p11,     81
    P3_2_1_p15,    255
    P3_2_1_p17,     48
    P3_2_1_p29,    101
    P3_2_2_p02,    135
    P3_2_2_p11,    114
    P3_2_2_p15,     76
    P3_2_2_p17,      1
    P3_2_2_p29,     56
    P3_2_3_p02,     36
    P3_2_3_p11,     34
    P3_2_3_p15,     55
    P3_2_3_p17,     51
    P3_2_3_p29,     99
